[0, 90.0, 100.0, 110.0]
[15.830608456117536, 25.601021586050738, 26.01831410594934, 26.22757104771955]
[59.62578268767976, 35.09686214999217, 34.67381360425326, 34.45188769966451]
[24.543608856202695, 39.302116263957096, 39.307872289797395, 39.320541252615925]
[1.664113759214337, 14.136113370043285, 14.084492932881865, 14.059788749578757]
[1.6641137592143367, 5.490473740409993, 5.509848693367918, 5.521138453326592]
[12.271804428101348, 28.30747740619731, 28.254659433445607, 28.23352019044576]
[-0.5107113711107139, -0.07822867518967597, 0.04629184076507531, 0.17035751213537037]
[-0.0803905042319758, 0.6481978747862845, 0.6565160030975653, 0.6384245312019199]
[0.0, -0.0, -0.0, -0.0]
[-0.0, -0.0, -0.0, -0.0]
[0.9999999775506526, -0.10435605262357951, -0.23649387632617816, -0.36342039419005856]
[-1.9219541095567662e-08, -0.7495288385751134, -0.7144455066220782, -0.6564631477964724]
[0.0, -0.0, -0.0, -0.0]
[-0.0, -0.0, -0.0, -0.0]
[-0.26767096671274426, -0.4717036836805945, -0.477793477436642, -0.47902653195921296]
[-0.4274117056740018, -0.07318041555805008, -0.0280545065827059, 0.0175472618465828]
[-0.26767096671274426, -0.7568840758459068, -0.7639078772913519, -0.7644245867183673]
[-0.4274117056740018, -0.11742348664205017, -0.04485423008917696, 0.028001702390578934]
[0.0, 0.0, 0.0, 0.0]
[0.0, 0.0, 0.0, 0.0]
[0.0, 0.0, 0.0, 0.0]
[0.0, 0.0, 0.0, 0.0]
[0.0, 0.0, 0.0, 0.0]
[0.0, 0.0, 0.0, 0.0]
[1.0, 0.9031575736625236, 0.8809024059979055, 0.8565063794952142]
[0.0, -0.4293092092373785, -0.4732979517250221, -0.5161364372760365]
[0.0, 0.0, 0.0, 0.0]
[0.0, 0.0, 0.0, 0.0]
[0.0, 0.0, 0.0, 0.0]
[0.0, 0.0, 0.0, 0.0]
[1.932215356503592]
[1]
