[0, 95.0, 100.0, 105.0, 200.0]
[0.028948402283088547, 1.0613232032916835, 1.1017215214705203, 0.9346748985820771, 0.6063678384795413]
[99.96072623835906, 92.52460268434287, 92.45169271375579, 91.89860011290536, 85.93160688618664]
[0.010325359357862628, 6.414074112365458, 6.4465857647737, 7.166724988512571, 13.462025275333822]
[0.09872361227359581, 3.807372121582216, 3.7683736454439294, 4.174993966272092, 7.6757560503697935]
[0.09924470154741351, 2.9789917556846013, 3.0506985655227985, 3.3780341410045995, 6.370519532532713]
[0.00514909054967662, 3.598505385628955, 3.5625292044859007, 3.961461967306209, 7.356485450360388]
[0.0024450334116696924, 0.07163644120586658, 0.0771568882485487, 0.07013269424922047, 0.03681429845818394]
[-0.016788985717976254, 0.06745992104714567, 0.06396368828860986, 0.05926945481021105, 0.06758239792313044]
[-5.1568974131215035e-05, -0.00029186733881068157, -0.0001332414730872773, -2.6282160772648324e-05, 0.0001886037087943179]
[2.3825365767680548e-05, 0.004663589730373796, 0.004792094197026382, 0.004904766605204686, 0.0009314851014838116]
[0.9999999949515305, -0.0783037195468941, -0.17032016266627834, -0.24334198021142794, -0.8619830964586012]
[-6.74718274925519e-09, -0.9573698108627764, -0.9449865996887589, -0.9256227567757034, 0.32660579620248803]
[-0.0002051614823869131, -7.075738849923053e-05, 5.9885637383078825e-05, 0.0002790572512543868, 0.0055599951510537085]
[-0.00023629666242731506, 0.0018190065522800324, 0.001794041363425937, 0.0020317150994388833, -0.0011662835400726163]
[-0.0051019956107255906, -0.1661366819994804, -0.16675266622493523, -0.17390678909178225, -0.09661447752505894]
[-0.005077901125630569, 0.024145049466788752, 0.0326114261628248, 0.04291530633355943, 0.22755935947806347]
[-0.005088583841080084, -0.1878207389315871, -0.18533187376602744, -0.19333587372651545, -0.106051145927543]
[-0.005064552693884284, 0.027296446382660818, 0.03624491801999742, 0.04770985819225756, 0.24978586499033703]
[0.0, 0.0, 0.0, 0.0, 0.0]
[0.0, 0.0, 0.0, 0.0, 0.0]
[0.0, 0.0, 0.0, 0.0, 0.0]
[0.0, 0.0, 0.0, 0.0, 0.0]
[0.0, 0.0, 0.0, 0.0, 0.0]
[0.0, 0.0, 0.0, 0.0, 0.0]
[1.0, 0.7752716053983232, 0.7520476818922234, 0.7278502030239915, 0.13115143167893364]
[0.0, -0.6316280059204994, -0.6591087043580393, -0.6857361606025557, -0.9913623464549004]
[0.0, 0.0, 0.0, 0.0, 0.0]
[0.0, 0.0, 0.0, 0.0, 0.0]
[0.0, 0.0, 0.0, 0.0, 0.0]
[0.0, 0.0, 0.0, 0.0, 0.0]
[1.9799193988810473]
[1.459610424572749]
