[0, 90.0, 100.0, 110.0, 200.0]
[0.07491171212595552, 1.2506083595157524, 1.3145554368256662, 0.7531598115772117, 1.6571060752871027]
[99.26767100383617, 85.34908496336662, 84.46807289913312, 83.96083976218087, 73.21015789845336]
[0.6574172840378778, 13.400306677117626, 14.217371664041224, 15.28600042624192, 25.13273602625955]
[0.018212399974775667, 2.6602978189671287, 2.949176289215312, 3.098079760135659, 2.625250150940551]
[0.7816983500806785, 10.794577504625472, 11.337868579507294, 12.213753787235259, 22.702313666589998]
[0.014968103036993178, 2.64950850671339, 2.934794129354541, 3.0928528831935034, 2.6050558799034134]
[0.019799885765225716, 0.04628207583468091, 0.04789313086807384, 0.026613066201633572, 0.07617967298172579]
[0.011725912213415473, 0.02271583108912872, 0.012335296378731974, 0.010987832212036032, 0.07084605344420096]
[0.0, 0.0, 0.0, 0.0, -0.0]
[0.0, 0.0, -0.0, -0.0, -0.0]
[1.0000264169674553, -0.6554617125887461, -0.8020293357662004, -0.8691024303938458, 0.49174042466907913]
[4.333567397637544e-06, -0.6192964563525191, -0.3968061703262834, -0.16417669702834656, 0.516770236573871]
[0.0, 0.0, 0.0, 0.0, -0.0]
[0.0, 0.0, -0.0, -0.0, -0.0]
[0.08266204129513398, 0.002970341206622871, -0.05107833762388469, -0.10809833877105646, -0.4933006632357832]
[-0.014374970235776005, -0.3432103068949478, -0.3478794714973433, -0.34917254456361224, 0.05917828807748018]
[0.012617407161358375, 0.0014745810378418895, -0.02605082082805846, -0.05444283556601289, -0.16774979013793867]
[-0.002194173402391777, -0.17038157414736405, -0.17742444651329514, -0.1758578683443468, 0.02012392470872251]
[0.0, 0.0, 0.0, 0.0, -0.0]
[0.0, 0.0, 0.0, 0.0, -0.0]
[0.0, 0.0, 0.0, 0.0, -0.0]
[0.0, 0.0, 0.0, 0.0, -0.0]
[0.0, 0.0, 0.0, 0.0, -0.0]
[0.0, 0.0, 0.0, 0.0, -0.0]
[1.0, 0.3876376143955888, 0.2645760065495358, 0.13702853466945655, -0.8599990735166]
[0.0, -0.9218118462602315, -0.9643648359196327, -0.9905671005471267, -0.5102955942888293]
[0.0, 0.0, 0.0, 0.0, -0.0]
[0.0, 0.0, 0.0, 0.0, -0.0]
[0.0, 0.0, 0.0, 0.0, -0.0]
[0.0, 0.0, 0.0, 0.0, -0.0]
[2.0661904451414745]
[1.7432698907569288]
