[0, 100.0, 200.0]
[0.0008505138941601457, 1.3292437166394961, 0.5467744803290507]
[99.99991058247969, 90.5996611369813, 85.47104564801695]
[-0.0007610963738328247, 8.071095146379209, 13.982179871654003]
[0.0867277066850866, 4.680921122660445, 7.901168667210879]
[0.08672770668508664, 3.7723210750219884, 6.552739044956035]
[-0.0003805481869164122, 4.469309984285859, 7.6433006008626885]
[-0.0014990237549428842, -0.010850237372526241, -0.06545549484012525]
[0.0025017495831357347, 0.10809029454155007, -0.02911794060332544]
[3.46510092827138e-06, -0.006387737443501974, 0.0006631385034222838]
[-3.0060352925278234e-07, -0.002335954619147327, -0.0023018373067352485]
[1.0000000180607689, -0.8554074494755389, 0.6315887456692922]
[4.491514768682174e-09, -0.40245300378984766, 0.6552051546106039]
[-0.0007750701757315645, 0.002626436083128335, 0.0028470322503864358]
[-0.0009581404787487094, 0.00719571453246745, -0.015329232442580294]
[0.025347044457205665, 0.01264141166294525, -0.22353089770764178]
[0.01506466609303136, 0.21625192345926283, 0.17099872334475302]
[0.025347044457205665, 0.01264141166294525, -0.22353089770764178]
[0.01506466609303136, 0.21625192345926283, 0.17099872334475302]
[0.0, -0.0, -0.0]
[0.0, 0.0, 0.0]
[0.0, -0.0, -0.0]
[0.0, 0.0, 0.0]
[0.0, 0.0, -0.0]
[0.0, 0.0, -0.0]
[1.0, 0.13115143167893364, -0.965598603937132]
[0.0, -0.9913623464549004, -0.2600371821002944]
[0.0, -0.0, -0.0]
[0.0, 0.0, 0.0]
[0.0, -0.0, -0.0]
[0.0, 0.0, 0.0]
[1.9799193988810473]
[1.459610424572749]
