[0, 90.0, 100.0, 110.0, 200.0]
[0.0749155034348423, 1.0709551436464264, 1.1436186425764074, 0.7303493746043921, 1.3715663576620245]
[99.35083506385676, 84.50949156499267, 83.6805148562585, 82.94616026385255, 71.72702350962517]
[0.574249432708397, 14.4195532913609, 15.175866501165105, 16.323490361543048, 26.901410132712805]
[0.014380717950831456, 1.8534420523579982, 2.0730310558078733, 2.1606541969377573, 1.6586868139145683]
[0.6095313875024173, 12.303351133458747, 12.841360208226623, 13.842523413908406, 24.450026350896]
[0.013236029647485702, 1.88784324921842, 2.1093748982953375, 2.2039009261783824, 1.7090468603783535]
[0.020257073778273495, 0.01811436290767717, 0.01863702908034218, 0.007843820831771547, 0.05819740346623817]
[0.009773371137089494, 0.011763201147444537, 0.008681459584128255, 0.008551752180592653, 0.06068954910170351]
[0.0, 0.0, 0.0, 0.0, -0.0]
[0.0, 0.0, 0.0, 0.0, -0.0]
[0.9999853250373822, -0.6932316397234727, -0.8220165109638646, -0.8682746504755103, 0.5622091741831078]
[1.83938459955664e-05, -0.561190504247266, -0.3301453037741633, -0.08869181167032689, 0.43476722505438986]
[0.0, 0.0, 0.0, 0.0, -0.0]
[0.0, 0.0, 0.0, 0.0, -0.0]
[0.07723327350720793, 0.1575434882232447, 0.10812920240141044, 0.05475045049017533, -0.48126679207696144]
[0.02152386430964519, -0.3239351184002457, -0.35176121454474263, -0.3781385424122426, -0.16198073521621464]
[0.011863058984817761, 0.061147436386408745, 0.043445058808404984, 0.021630805703158937, -0.12535117990717404]
[0.0033060734097034587, -0.12572910673168827, -0.14133357421503523, -0.14939495961339536, -0.04218964743849824]
[0.0, 0.0, 0.0, 0.0, -0.0]
[0.0, 0.0, 0.0, 0.0, -0.0]
[0.0, 0.0, 0.0, 0.0, -0.0]
[0.0, 0.0, 0.0, 0.0, -0.0]
[0.0, 0.0, 0.0, 0.0, -0.0]
[0.0, 0.0, 0.0, 0.0, -0.0]
[1.0, 0.3799079231573153, 0.2555953605666789, 0.12688720377996202, -0.8693420233135789]
[0.0, -0.9250243077467184, -0.9667838495014228, -0.9919171525469769, -0.49421093320671583]
[0.0, 0.0, 0.0, 0.0, -0.0]
[0.0, 0.0, 0.0, 0.0, -0.0]
[0.0, 0.0, 0.0, 0.0, -0.0]
[0.0, 0.0, 0.0, 0.0, -0.0]
[2.066132456320906]
[1.7557129808695673]
